[0.450625   0.451875   0.17351608 0.17439134]
[0.476875   0.4875     0.17220662 0.17964632]
[0.489375   0.49125    0.18095921 0.1822721 ]
[0.491875   0.4925     0.18270973 0.18314736]
[0.505      0.509375   0.17221004 0.17527345]
[0.511875   0.53625    0.17702397 0.19409153]
[0.536875   0.544375   0.19452916 0.19978072]
[0.545625   0.55125    0.20065597 0.20459464]
[0.554375   0.555      0.20678279 0.20722042]
[0.535      0.58625    0.17352636 0.20941199]
[0.56625    0.600625   0.17571793 0.19978756]
[0.601875   0.6075     0.20066282 0.20460149]
[0.6        0.6125     0.17966002 0.18841262]
[0.614375   0.62875    0.1897255  0.19979099]
[0.42125    0.421875   0.17277186 0.17043933]
[0.43625    0.436875   0.1791089  0.17677637]
[0.4375     0.439375   0.17444383 0.16744624]
[0.451875   0.45625    0.1831134  0.16678568]
[0.4675     0.473125   0.1871179  0.16612511]
[0.4825     0.49       0.19345493 0.16546455]
[0.496875   0.506875   0.2021245  0.16480399]
[0.5125     0.523125   0.206129   0.16647596]
[0.52625   0.54      0.2171311 0.1658154]
[0.54125    0.55625    0.22346813 0.16748737]
[0.555      0.5725     0.23447023 0.16915934]
[0.569375   0.575625   0.24313979 0.21981447]
[0.5775     0.589375   0.21281688 0.16849877]
[0.583125   0.59       0.25414189 0.22848404]
[0.595      0.605      0.20982378 0.17250328]
[0.59625    0.60125    0.26747652 0.24881626]
[0.611875   0.62125    0.20916322 0.17417525]
[0.61       0.6175     0.27847861 0.25048823]
[0.629375   0.6375     0.20617013 0.17584722]
[0.623125   0.630625   0.29181324 0.26382286]
[0.6475     0.653125   0.2008445  0.17985172]
[0.63625    0.640625   0.30514787 0.28882015]
[0.6425     0.64375    0.28182255 0.27715749]
[0.649375   0.655      0.3184825  0.29748971]
[0.655625   0.65625    0.29515718 0.29282465]
[0.661875   0.66875    0.33414966 0.30849181]
[0.67375    0.680625   0.35214935 0.3264915 ]
[0.685      0.691875   0.37248157 0.34682372]
[0.69625    0.701875   0.3928138  0.37182101]
[0.708125   0.711875   0.41081349 0.3968183 ]
[0.718125   0.719375   0.43581078 0.43114571]
[0.336875   0.34125    0.18100561 0.18062285]
[0.341875   0.541875   0.18056817 0.16307043]
[0.27625    0.27875    0.20250025 0.20228153]
[0.279375   0.281875   0.20222685 0.20200813]
[0.3125     0.319375   0.19932879 0.1987273 ]
[0.329375   0.640625   0.19785242 0.17062157]
[0.39375    0.68625    0.20841098 0.18282054]
[0.436875   0.686875   0.22082867 0.1989565 ]
[0.4675     0.581875   0.23433997 0.22433346]
[0.49625    0.601875   0.24801532 0.23877433]
[0.519375   0.619375   0.26218278 0.25343392]
[0.54375    0.63625    0.27624089 0.26814819]
[0.559375   0.649375   0.29106452 0.28319054]
[0.579375   0.661875   0.30550539 0.29828758]
[0.59375    0.671875   0.32043838 0.31360333]
[0.60625    0.681875   0.33553542 0.32891909]
[0.619375   0.690625   0.35057777 0.34434421]
[0.6325     0.69875    0.36562013 0.359824  ]
[0.641875   0.704375   0.38099056 0.37552252]
[0.65375    0.709375   0.39614228 0.39127572]
[0.661875   0.714375   0.41162207 0.40702892]
[0.669375   0.71875    0.42715655 0.4228368 ]
[0.67625    0.72125    0.44274571 0.43880872]
[0.68375    0.72375    0.45828019 0.45478064]
[0.685      0.686875   0.47436147 0.47419743]
[0.69125    0.69375    0.47381467 0.47359594]
[0.694375   0.724375   0.47354126 0.4709166 ]
[0.694375   0.72625    0.48973191 0.4869432 ]
[0.69875    0.72625    0.50553979 0.50313385]
[0.701875   0.724375   0.52145703 0.51948853]
[0.704375   0.721875   0.53742895 0.5358979 ]
[0.706875   0.710625   0.55340087 0.55307279]
[0.71125    0.719375   0.5530181  0.55230726]
[0.709375   0.71375    0.56937279 0.56899003]
[0.714375   0.71625    0.56893535 0.5687713 ]
[0.709375   0.71125    0.58556343 0.58539939]
[0.16625    0.1675     0.28791711 0.29059774]
[0.1775     0.178125   0.27387827 0.27521859]
[0.19       0.190625   0.26252006 0.26386038]
[0.201875   0.203125   0.24982154 0.25250218]
[0.20375    0.204375   0.25384249 0.25518281]
[0.205625   0.20625    0.25786344 0.25920376]
[0.215      0.22125    0.23980365 0.25320682]
[0.22875    0.236875   0.23112608 0.2485502 ]
[0.241875   0.25375    0.22110819 0.24657421]
[0.25625    0.270625   0.21377094 0.24459823]
[0.27       0.28875    0.20509337 0.24530287]
[0.285      0.30625    0.19909643 0.2446672 ]
[0.3        0.324375   0.19309949 0.24537185]
[0.315      0.3425     0.18710256 0.2460765 ]
[0.330625   0.361875   0.18244593 0.24946178]
[0.346875   0.381875   0.17912963 0.25418737]
[0.361875   0.40125    0.17313269 0.25757265]
[0.378125   0.4225     0.16981639 0.26497888]
[0.395      0.445      0.1678404  0.27506575]
[0.64375    0.644375   0.7012865  0.70262681]
[0.41125    0.4675     0.1645241  0.28515261]
[0.65375    0.654375   0.68456702 0.68590734]
[0.655625   0.65625    0.68858797 0.68992829]
[0.428125   0.490625   0.16254811 0.29657979]
[0.661875   0.666875   0.6638266  0.67454914]
[0.445625   0.518125   0.16191244 0.31738919]
[0.664375   0.676875   0.63102333 0.65782966]
[0.4625     0.545625   0.15993645 0.33819859]
[0.664375   0.686875   0.59285879 0.64111019]
[0.48       0.58125    0.15930078 0.37643211]
[0.631875   0.63375    0.48499777 0.48901872]
[0.6575     0.660625   0.53995076 0.54665234]
[0.661875   0.696875   0.54933298 0.62439072]
[0.496875   0.645625   0.15732479 0.4763202 ]
[0.6475     0.655      0.48034115 0.49642495]
[0.656875   0.704375   0.5004459  0.60230998]
[0.515      0.658125   0.15802944 0.46496199]
[0.65875    0.661875   0.46630231 0.47300389]
[0.6625     0.665      0.47434421 0.47970548]
[0.6675     0.711875   0.48506674 0.58022924]
[0.5325     0.71875    0.15739377 0.55680818]
[0.550625   0.72375    0.15809841 0.52936618]
[0.568125   0.598125   0.15746274 0.22179795]
[0.608125   0.72625    0.24324302 0.4965629 ]
[0.58625    0.615      0.15816739 0.21982196]
[0.64       0.72375    0.27343464 0.45303709]
[0.605      0.6325     0.16021235 0.21918629]
[0.690625   0.69125    0.34383576 0.34517608]
[0.693125   0.69375    0.34919703 0.35053734]
[0.695      0.696875   0.35321798 0.35723893]
[0.698125   0.69875    0.35991956 0.36125988]
[0.700625   0.70125    0.36528083 0.36662114]
[0.703125   0.70375    0.3706421  0.37198241]
[0.623125   0.649375   0.160917   0.21721031]
[0.6425     0.66625    0.16430228 0.21523432]
[0.66125    0.6825     0.16634724 0.21191802]
[0.680625   0.698125   0.16973252 0.20726139]
[0.700625   0.71375    0.17445812 0.20260477]
[0.7225     0.72625    0.18320467 0.19124657]
[0.151875   0.153125   0.30432292 0.30307292]
[0.15375    0.223125   0.30244792 0.23307292]
[0.22375    0.224375   0.23244792 0.23182292]
[0.12125    0.121875   0.35775782 0.35713282]
[0.1225     0.12375    0.35650782 0.35525782]
[0.124375   0.125      0.35463282 0.35400782]
[0.12625    0.1275     0.35275782 0.35150782]
[0.12875    0.129375   0.35025782 0.34963282]
[0.13       0.131875   0.34900782 0.34713282]
[0.1325     0.134375   0.34650782 0.34463282]
[0.135      0.136875   0.34400782 0.34213282]
[0.1375     0.27875    0.34150782 0.20025782]
[0.279375   0.28       0.19963282 0.19900782]
[0.18       0.315      0.32181772 0.18681772]
[0.215625   0.353125   0.30900261 0.17150261]
[0.245625   0.383125   0.30181251 0.16431251]
[0.27125   0.41125   0.2989974 0.1589974]
[0.29625   0.4375    0.2968073 0.1555573]
[0.319375  0.463125  0.2964922 0.1527422]
[0.339375   0.486875   0.29930209 0.15180209]
[0.36       0.51125    0.30148699 0.15023699]
[0.3775     0.53375    0.30679689 0.15054689]
[0.395625   0.556875   0.31148178 0.15023178]
[0.410625   0.579375   0.31929168 0.15054168]
[0.42875    0.60125    0.32397657 0.15147657]
[0.4425     0.62375    0.33303647 0.15178647]
[0.459375   0.644375   0.33897137 0.15397137]
[0.471875   0.59125    0.34928126 0.22990626]
[0.594375   0.664375   0.22678126 0.15678126]
[0.48625    0.604375   0.35771616 0.23959116]
[0.62       0.685      0.22396616 0.15896616]
[0.4975     0.616875   0.36927605 0.24990105]
[0.64375    0.705      0.22302605 0.16177605]
[0.510625   0.62875    0.37896095 0.26083595]
[0.669375   0.724375   0.22021095 0.16521095]
[0.521875   0.639375   0.39052085 0.27302085]
[0.695625   0.741875   0.21677085 0.17052085]
[0.53375    0.65125    0.40145574 0.28395574]
[0.72375    0.724375   0.21145574 0.21083074]
[0.725      0.7575     0.21020574 0.17770574]
[0.54375    0.66125    0.41426564 0.29676564]
[0.7625     0.764375   0.19551564 0.19364064]
[0.551875   0.67125    0.42895054 0.30957554]
[0.561875   0.679375   0.44176043 0.32426043]
[0.5475     0.54875    0.47894533 0.47769533]
[0.57125    0.68875    0.45519533 0.33769533]
[0.571875   0.57375    0.47738022 0.47550522]
[0.576875   0.58125    0.47238022 0.46800522]
[0.5825     0.69625    0.46675522 0.35300522]
[0.57375    0.574375   0.49831512 0.49769012]
[0.576875   0.57875    0.49519012 0.49331512]
[0.579375   0.58125    0.49269012 0.49081512]
[0.58375    0.58625    0.48831512 0.48581512]
[0.586875   0.59125    0.48519012 0.48081512]
[0.59375    0.59875    0.47831512 0.47331512]
[0.599375   0.701875   0.47269012 0.37019012]
[0.57875    0.579375   0.51612502 0.51550002]
[0.583125   0.584375   0.51175002 0.51050002]
[0.586875   0.590625   0.50800002 0.50425002]
[0.593125   0.595625   0.50175002 0.49925002]
[0.59625    0.596875   0.49862502 0.49800002]
[0.599375   0.600625   0.49550002 0.49425002]
[0.60125    0.603125   0.49362502 0.49175002]
[0.604375   0.609375   0.49050002 0.48550002]
[0.611875   0.616875   0.48300002 0.47800002]
[0.61875    0.70875    0.47612502 0.38612502]
[0.594375   0.596875   0.52330991 0.52080991]
[0.599375   0.61875    0.51830991 0.49893491]
[0.62       0.714375   0.49768491 0.40330991]
[0.60375    0.71875    0.53674481 0.42174481]
[0.60625   0.721875  0.5570547 0.4414297]
[0.609375  0.724375  0.5767396 0.4617396]
[0.609375  0.61      0.5995495 0.5989245]
[0.611875  0.72625   0.5970495 0.4826745]
[0.609375   0.72625    0.62235939 0.50548439]
[0.609375   0.72375    0.64516929 0.53079429]
[0.60375    0.71875    0.67360419 0.55860419]
[0.596875   0.5975     0.70328908 0.70266408]
[0.599375   0.709375   0.70078908 0.59078908]
[0.55       0.55125    0.77297398 0.77172398]
[0.551875   0.5525     0.77109898 0.77047398]
[0.57       0.57125    0.75297398 0.75172398]
[0.579375   0.58       0.74359898 0.74297398]
[0.581875   0.694375   0.74109898 0.62859898]
[0.615625   0.61625    0.73015887 0.72953387]
[0.618125   0.61875    0.72765887 0.72703387]
[0.620625   0.62125    0.72515887 0.72453387]
[0.623125   0.64375    0.72265887 0.70203387]
[0.645625   0.64625    0.70015887 0.69953387]
[0.648125   0.64875    0.69765887 0.69703387]
[0.650625   0.65125    0.69515887 0.69453387]
[0.449375   0.450625   0.80022939 0.80081227]
[0.453125   0.455625   0.80197804 0.80314381]
[0.469375   0.483125   0.79175912 0.79817085]
[0.48125    0.506875   0.77950011 0.79144924]
[0.49       0.5275     0.76578388 0.78327042]
[0.50125    0.546875   0.75323343 0.77450871]
[0.509375   0.56625    0.73922576 0.76574701]
[0.516875   0.583125   0.72492665 0.75581953]
[0.524375   0.596875   0.71062754 0.74443484]
[0.091875   0.09375    0.49115306 0.49202738]
[0.530625   0.611875   0.69574554 0.73363304]
[0.094375   0.09625    0.47452241 0.47539673]
[0.536875   0.625      0.68086355 0.72195691]
[0.09375    0.10375    0.45643455 0.46109762]
[0.539375   0.636875   0.6642329  0.70969789]
[0.09625    0.114375   0.4398039  0.44825572]
[0.54375    0.649375   0.64847658 0.69773032]
[0.09875    0.125625   0.42317325 0.43570527]
[0.54625    0.659375   0.63184593 0.68459698]
[0.1025     0.136875   0.40712549 0.42315481]
[0.54625    0.669375   0.61404951 0.67146364]
[0.106875   0.15375    0.39136916 0.41322733]
[0.54625    0.67875    0.59625309 0.65803886]
[0.11375    0.168125   0.37677861 0.40213409]
[0.54375    0.686875   0.5772909  0.64403119]
[0.11875    0.184375   0.36131373 0.39191517]
[0.539375   0.69375    0.55745439 0.62944063]
[0.12625    0.20375    0.34701462 0.38315346]
[0.536875   0.70125    0.5384922  0.61514152]
[0.13375    0.223125   0.33271551 0.37439176]
[0.45625    0.456875   0.48309973 0.48339117]
[0.47       0.47125    0.48951146 0.49009434]
[0.484375   0.48625    0.49621463 0.49708896]
[0.48875    0.49125    0.49825473 0.4994205 ]
[0.529375   0.706875   0.51719848 0.59996809]
[0.141875   0.249375   0.31870784 0.36883591]
[0.471875   0.47375    0.47258937 0.4734637 ]
[0.474375   0.47625    0.47375514 0.47462946]
[0.47875    0.479375   0.47579523 0.47608668]
[0.48625    0.486875   0.47929254 0.47958398]
[0.489375   0.49125    0.48074975 0.48162408]
[0.491875   0.49375    0.48191552 0.48278985]
[0.49625    0.496875   0.48395562 0.48424706]
[0.51125    0.51375    0.49095023 0.492116  ]
[0.51875    0.526875   0.49444754 0.49823629]
[0.529375   0.53875    0.49940206 0.50377369]
[0.539375   0.540625   0.50406514 0.50464802]
[0.54125    0.543125   0.50493946 0.50581379]
[0.544375   0.564375   0.50639667 0.51572283]
[0.56625    0.711875   0.51659715 0.58450321]
[0.15125    0.275625   0.30528306 0.36328007]
[0.4875     0.49       0.46207901 0.46324478]
[0.49625    0.496875   0.4661592  0.46645064]
[0.49875    0.50125    0.46732497 0.46849074]
[0.504375   0.50875    0.46994795 0.47198805]
[0.51375    0.519375   0.47431958 0.47694256]
[0.52125    0.53875    0.47781689 0.48597727]
[0.539375   0.544375   0.48626872 0.48860026]
[0.54625    0.716875   0.48947458 0.56903833]
[0.16125    0.31375    0.29214972 0.36326163]
[0.47625    0.4775     0.43903663 0.43961951]
[0.481875   0.4825     0.44165961 0.44195105]
[0.48375    0.719375   0.44253394 0.55240768]
[0.171875   0.370625   0.27930782 0.37198646]
[0.371875   0.373125   0.37256935 0.37315223]
[0.374375   0.37625    0.37373512 0.37460944]
[0.429375   0.443125   0.39938204 0.40579377]
[0.44375    0.445625   0.40608521 0.40695954]
[0.44625    0.72375    0.40725098 0.53665136]
[0.18375    0.724375   0.2670488  0.51914638]
[0.19625    0.72625    0.25508123 0.50222429]
[0.209375   0.72625    0.2434051  0.48442787]
[0.22375    0.72625    0.23231185 0.46663145]
[0.239375   0.72375    0.22180149 0.44766927]
[0.256875   0.72125    0.21216546 0.42870708]
[0.27375    0.71625    0.20223798 0.40857912]
[0.294375   0.709375   0.19405916 0.38757684]
[0.31625    0.70125    0.18646322 0.36599167]
[0.334375   0.689375   0.17711863 0.34265785]
[0.690625   0.69125    0.34324073 0.34353218]
[0.351875   0.67625    0.1674826  0.31874114]
[0.375625   0.656875   0.16076099 0.29191001]
[0.401875   0.629375   0.15520514 0.26129014]
[0.430625   0.601875   0.15081507 0.23067026]
[0.60375    0.605      0.23154458 0.23212747]
[0.460625   0.639375   0.14700788 0.23036038]
[0.49375    0.67125    0.14465791 0.22742751]
[0.52875    0.703125   0.14318226 0.22449465]
[0.564375   0.73125    0.14199805 0.21981314]
[0.605      0.758125   0.14314538 0.21454874]
[0.64625    0.783125   0.14458415 0.20841001]
[0.695      0.801875   0.14952023 0.19935686]
[0.751875   0.806875   0.15824506 0.18389198]
[0.808125   0.80875    0.18447487 0.18476631]
[0.098125   0.113125   0.54396514 0.37251435]
[0.11       0.133125   0.59329316 0.3289732 ]
[0.12375    0.151875   0.62118983 0.29971961]
[0.1375    0.17      0.6490865 0.2776098]
[0.151875   0.153125   0.66983939 0.65555182]
[0.165      0.188125   0.51981995 0.25549999]
[0.16625    0.166875   0.69059228 0.6834485 ]
[0.183125   0.205625   0.49771015 0.24053397]
[0.200625   0.223125   0.48274412 0.22556795]
[0.218125  0.24      0.4677781 0.2177457]
[0.235      0.256875   0.45995586 0.20992346]
[0.25125    0.274375   0.4592774  0.19495744]
[0.24125    0.241875   0.75863781 0.75149403]
[0.268125   0.290625   0.45145516 0.19427898]
[0.256875   0.2575     0.76510314 0.75795935]
[0.284375   0.3075     0.4507767  0.18645674]
[0.2725     0.27375    0.77156846 0.75728089]
[0.300625   0.325      0.45009824 0.17149071]
[0.288125   0.289375   0.77803378 0.76374622]
[0.31375    0.314375   0.48513869 0.47799491]
[0.315      0.31625    0.47085113 0.45656356]
[0.316875   0.341875   0.44941978 0.16366847]
[0.30375    0.305625   0.78449911 0.76306776]
[0.329375   0.330625   0.49160402 0.47731645]
[0.33125    0.331875   0.47017267 0.46302889]
[0.333125   0.35875    0.44874132 0.15584623]
[0.319375   0.321875   0.79096443 0.7623893 ]
[0.34625    0.346875   0.48378178 0.47663799]
[0.348125   0.375625   0.46235043 0.14802399]
[0.335      0.338125   0.79742976 0.76171084]
[0.36125    0.3625     0.49739088 0.48310332]
[0.364375   0.391875   0.46167197 0.14734553]
[0.35125   0.355     0.7967513 0.7538886]
[0.3775     0.37875    0.49671242 0.48242486]
[0.379375   0.40875    0.47528108 0.13952329]
[0.366875   0.371875   0.80321662 0.74606636]
[0.39375    0.394375   0.49603396 0.48889018]
[0.395      0.425      0.4817464  0.13884483]
[0.383125   0.389375   0.80253816 0.73110033]
[0.410625   0.41125    0.48821172 0.48106794]
[0.4125     0.44125    0.46678037 0.13816637]
[0.399375   0.40625    0.8018597  0.72327809]
[0.425      0.4575     0.50896461 0.13748791]
[0.415625   0.424375   0.80118124 0.70116829]
[0.439375   0.47375    0.5297175  0.13680945]
[0.431875   0.443125   0.80050278 0.6719147 ]
[0.4525     0.490625   0.56475796 0.12898721]
[0.448125   0.506875   0.79982433 0.12830875]
[0.464375   0.523125   0.79914587 0.12763029]
[0.480625   0.539375   0.79846741 0.12695184]
[0.4975     0.555625   0.79064517 0.12627338]
[0.514375   0.571875   0.78282292 0.12559492]
[0.530625   0.588125   0.78214447 0.12491646]
[0.5475     0.60375    0.77432222 0.13138178]
[0.564375   0.62       0.76649998 0.13070332]
[0.581875   0.625625   0.75153396 0.25146917]
[0.626875   0.63625    0.23718161 0.13002486]
[0.59875    0.640625   0.74371172 0.26507828]
[0.643125   0.6525     0.23650315 0.12934641]
[0.61625    0.655      0.72874569 0.28583117]
[0.659375   0.66875    0.23582469 0.12866795]
[0.63375    0.669375   0.71377967 0.30658406]
[0.675625   0.685      0.23514623 0.12798949]
[0.651875   0.68375    0.69166986 0.32733694]
[0.691875   0.700625   0.23446777 0.13445481]
[0.67       0.6975     0.66956005 0.35523362]
[0.708125   0.716875   0.23378931 0.13377635]
[0.689375   0.71125    0.63316268 0.38313029]
[0.725      0.733125   0.22596707 0.13309789]
[0.709375   0.7225     0.58962153 0.43960209]
[0.74125    0.74875    0.22528861 0.13956322]
[0.7575     0.765      0.22461015 0.13888476]
[0.77375    0.780625   0.22393169 0.14535008]
[0.790625   0.796875   0.21610945 0.14467162]
[0.806875   0.8125     0.21543099 0.15113695]
[0.823125   0.82875    0.21475253 0.15045849]
[0.84       0.844375   0.20693029 0.15692381]
[0.856875   0.86       0.19910805 0.16338914]
